{
  "labels": [
    "Fragility",
    "Pub Bias",
    "Prediction Gap",
    "ORB",
    "Reproducibility",
    "Overlap"
  ],
  "rho": [
    [
      1.0,
      0.303,
      0.161,
      0.191,
      -0.021,
      0.048
    ],
    [
      0.303,
      1.0,
      0.205,
      0.468,
      0.218,
      0.291
    ],
    [
      0.161,
      0.205,
      1.0,
      0.376,
      0.029,
      0.109
    ],
    [
      0.191,
      0.468,
      0.376,
      1.0,
      0.054,
      0.2
    ],
    [
      -0.021,
      0.218,
      0.029,
      0.054,
      1.0,
      -0.006
    ],
    [
      0.048,
      0.291,
      0.109,
      0.2,
      -0.006,
      1.0
    ]
  ],
  "p": [
    [
      0,
      0.0,
      0.0012,
      0.0001,
      0.6767,
      0.3318
    ],
    [
      0.0,
      0,
      0.0,
      0.0,
      0.0,
      0.0
    ],
    [
      0.0012,
      0.0,
      0,
      0.0,
      0.567,
      0.0292
    ],
    [
      0.0001,
      0.0,
      0.0,
      0,
      0.2757,
      0.0001
    ],
    [
      0.6767,
      0.0,
      0.567,
      0.2757,
      0,
      0.9071
    ],
    [
      0.3318,
      0.0,
      0.0292,
      0.0001,
      0.9071,
      0
    ]
  ]
}