{
  "labels": [
    "Fragility",
    "Pub Bias",
    "Prediction Gap",
    "ORB",
    "Reproducibility",
    "Overlap"
  ],
  "rho": [
    [
      1.0,
      0.303,
      0.161,
      0.191,
      -0.027,
      0.048
    ],
    [
      0.303,
      1.0,
      0.205,
      0.468,
      0.217,
      0.291
    ],
    [
      0.161,
      0.205,
      1.0,
      0.376,
      0.011,
      0.109
    ],
    [
      0.191,
      0.468,
      0.376,
      1.0,
      0.035,
      0.2
    ],
    [
      -0.027,
      0.217,
      0.011,
      0.035,
      1.0,
      -0.004
    ],
    [
      0.048,
      0.291,
      0.109,
      0.2,
      -0.004,
      1.0
    ]
  ],
  "p": [
    [
      0,
      0.0,
      0.0012,
      0.0001,
      0.5861,
      0.3318
    ],
    [
      0.0,
      0,
      0.0,
      0.0,
      0.0,
      0.0
    ],
    [
      0.0012,
      0.0,
      0,
      0.0,
      0.8292,
      0.0292
    ],
    [
      0.0001,
      0.0,
      0.0,
      0,
      0.4839,
      0.0001
    ],
    [
      0.5861,
      0.0,
      0.8292,
      0.4839,
      0,
      0.9283
    ],
    [
      0.3318,
      0.0,
      0.0292,
      0.0001,
      0.9283,
      0
    ]
  ]
}